CaseID,Feature__00,Feature__01,Feature__02,Feature__03,Feature__04,Feature__05,Feature__06,Feature__07,Feature__08,Feature__09
53 Benign,0.004134366925064599,0.023049095607235143,0.023152454780361757,0.10356589147286822,0.33798449612403103,0.13891472868217053,0.028733850129198966,0.016330749354005168,0.30728682170542637,0.016847545219638244
18 Benign,0.0047873838355392846,0.03491974091805125,0.026377546231108606,0.11029756875997372,0.3804562095184455,0.21618323476954848,0.05266122219093213,0.03369942739134516,0.10457148221158359,0.03604618417347226
1 Malignant,0.010375927847394046,0.040625748264027456,0.040426211190039106,0.14598132332987468,0.3168249660786974,0.2083167052438343,0.07945566286215978,0.04792880517200096,0.06085880756644584,0.04920584244552638
38 Malignant,0.00809968847352025,0.03889630618602581,0.0319537160658656,0.13867378727191812,0.39412550066755675,0.20480640854472631,0.06186025812194036,0.041121495327102804,0.037561192701379614,0.042901646639964396
28 Malignant,0.007610103626943005,0.041801597582038,0.03169077432354635,0.13510182786413355,0.3329285405872193,0.20104706390328153,0.06676381692573402,0.053279720782959124,0.08580706678180772,0.043969487622337364
48 Benign,0.004331965344277246,0.03845569235446116,0.02743578051375589,0.11589907280741754,0.4222526219790242,0.21583827329381364,0.05053959568323453,0.04331965344277246,0.04810761513907889,0.033819729442164465
81 Malignant,0.007975791749692627,0.03823610463390851,0.024891889600203502,0.11521706872429728,0.3015962182558189,0.22090028405477594,0.061543434942977066,0.058946665536100395,0.12398778988425828,0.046704752617967527
38 Benign,0.008993721364330562,0.04980485321567962,0.03699304259290684,0.13677244188019685,0.3632275581198032,0.19064992363821484,0.06524690310537927,0.05540471746139487,0.04683522823689123,0.046071610385202785
6 Malignant,0.005619950825430277,0.041315419740077276,0.02954864769933263,0.12800755180892168,0.35368370214260625,0.21991350544432736,0.06978837372672989,0.05123814541622761,0.054772567615033366,0.04611213558131366
79 Benign,0.010925136944613513,0.026871576384662203,0.020267802799756544,0.07696287279367012,0.22577601947656725,0.11612903225806452,0.02939744370054778,0.02051125989044431,0.44650030432136334,0.026658551430310408
4 Malignant,0.005964893840655875,0.03735284843388691,0.027380702123186884,0.1213606264452386,0.31121242379651043,0.20469833928946815,0.05533949968467521,0.053053394996846755,0.14574574311540886,0.037891528274122344
106 Malignant,0.00673783287419651,0.03981864095500459,0.03104912764003673,0.12987832874196512,0.35744949494949496,0.20961891643709826,0.06526629935720844,0.05234159779614325,0.06556473829201102,0.042275022956841136
79 Malignant,0.004217797046072452,0.036637519288706004,0.025968109339407745,0.11321919318098317,0.4008376809464325,0.22573297082812843,0.06012197810272614,0.04624880593724741,0.04579322507164377,0.04122272025865236
74 Malignant,0.006123697366568089,0.04540953738910013,0.028365283058724124,0.11987088086185044,0.35895032389804254,0.20649380368962117,0.06165724897901704,0.05272144768342487,0.07268562526404732,0.047722151809604284
84 Benign,0.009873021200425127,0.046624153940817814,0.033576662751020864,0.12973373608547295,0.32480281926497734,0.2099625216758964,0.07178217821782178,0.05954578508698327,0.06038485204452649,0.05371426973205795
64 Benign,0.0055993476488176135,0.03541723294373471,0.028649089426474584,0.1281598260396847,0.40288121772220714,0.21957053547159555,0.060179396575156294,0.03881489535199783,0.04161456917640663,0.03911388964392498
50 Malignant,0.005817099567099567,0.03955627705627705,0.02748917748917749,0.125,0.2864989177489177,0.2224025974025974,0.06542207792207792,0.05435606060606061,0.1327922077922078,0.04066558441558442
106 Benign,0.0050828902095714735,0.040558857262016475,0.029871754770096966,0.12144197685329997,0.35713168595558337,0.21491502450213743,0.06258471483682619,0.05155875299760192,0.07452299030340945,0.04233135230945678
96 Benign,0.004021795537104307,0.036472928559072824,0.026466009340944473,0.11803321224701609,0.38790866632070575,0.2188721674450787,0.056910569105691054,0.04907455457533299,0.06488496799861615,0.03735512887043764
95 Malignant,0.005020878902366276,0.04116747862398091,0.02698101014118115,0.1226138397295685,0.3417180353947107,0.22425556770729768,0.06638372439848876,0.05578892423941141,0.07154752435871943,0.044523016504275204
16 Malignant,0.004932468220338983,0.039073534604519775,0.028403072033898306,0.12196548375706215,0.3903932733050847,0.2194782838983051,0.06272069209039548,0.04783501059322034,0.043277718926553674,0.04192046257062147
111 Malignant,0.0057473319151218295,0.041482686497792236,0.027440604944671876,0.12368830333041349,0.31976796152952325,0.22141082250308372,0.06596471156080731,0.056820822681849875,0.09286901803750514,0.0448077369992313
77 Malignant,0.004835760569705524,0.03860588952332072,0.028477256688265864,0.12196060819914031,0.3840620388785526,0.21105729133252069,0.0611406941682171,0.05000160390068647,0.06158176685699621,0.03827708988259447
42 Malignant,0.006322337962962963,0.03268229166666667,0.031568287037037034,0.1412326388888889,0.3953125,0.2078414351851852,0.06338252314814814,0.03993055555555555,0.04457465277777778,0.03715277777777778
119 Malignant,0.006553015372487189,0.03675601103665747,0.03028511365129418,0.1370056497175141,0.33954145315990014,0.22247405071606885,0.06705754828537643,0.046347391932728944,0.07175469714886348,0.04222506897910919
120 Malignant,0.004270625639920245,0.039311311095543464,0.025529449803308724,0.12049361426954788,0.3642695478795064,0.22420111009322627,0.06605324136444468,0.050641267446246696,0.06405938459880368,0.041170447809451956
63 Malignant,0.004923076923076923,0.03948717948717949,0.022735042735042735,0.11935042735042735,0.3504273504273504,0.24184615384615385,0.06471794871794871,0.0492991452991453,0.05760683760683761,0.04960683760683761
31 Malignant,0.005908715913398292,0.034805681286093335,0.028027380766572275,0.13208767196593013,0.3889495863898861,0.21710628999531761,0.06379183482351893,0.04080358536422217,0.050391313072755246,0.03812794042230596
71 Malignant,0.01149213937666636,0.04716374000183874,0.040268456375838924,0.1476510067114094,0.3015537372437253,0.21651190585639424,0.08688057368759769,0.04863473384205204,0.03934908522570562,0.06049462167877172
26 Benign,0.004922043089982021,0.03898827944629471,0.027218603554481417,0.12298230618841306,0.33856484619843397,0.21442325640798923,0.0621493903936652,0.05401475630483264,0.09709491388880702,0.03964160452710071
32 Benign,0.007290781863042511,0.03622133236257736,0.03085183836912996,0.13504631314969867,0.3475104154026615,0.2150628968976257,0.06558670064312583,0.047910852242850785,0.07446507300893905,0.040053796060348666
103 Benign,0.005239987533115163,0.03777076515505688,0.030446470313230483,0.13249961040984884,0.39701184354059527,0.20825541530310113,0.0602306373694873,0.04367305594514571,0.049711703288140875,0.035160511142278326
94 Malignant,0.004769800475321948,0.0384015917758249,0.026949649035538606,0.1238766373735699,0.3543414580224396,0.22534681921184987,0.06535676781075554,0.05253965622063782,0.0656607527773172,0.0427568672967446
75 Benign,0.0058679706601467,0.03412352503454874,0.02806420750504943,0.12850005315190816,0.35401296906558943,0.20877006484532795,0.061698734984585946,0.044881471244817686,0.09977676198575529,0.03430424152227065
94 Benign,0.006010171058714748,0.04364308830328248,0.03448913546000924,0.13804900601017106,0.3555247341655109,0.220249653259362,0.06990291262135923,0.04724919093851133,0.048451225150254275,0.03643088303282478
57 Benign,0.007863781113927342,0.04484304932735426,0.0309352050432183,0.13501657243127316,0.3365503346981218,0.2009163579645155,0.06554234093715475,0.05507896276077208,0.08107493338532527,0.04217846233833756
122 Malignant,0.004888888888888889,0.034428571428571426,0.02546031746031746,0.11666666666666667,0.2753174603174603,0.1939047619047619,0.053158730158730155,0.050412698412698416,0.21022222222222223,0.03553968253968254
48 Malignant,0.007979096587267576,0.0506771234294946,0.027619658006211863,0.1151204638797978,0.23394605008172506,0.19890477039239407,0.06490600669728354,0.07241864469128405,0.17652992730072167,0.05189825893381977
85 Benign,0.013907967032967032,0.035199175824175824,0.03743131868131868,0.13169642857142858,0.3789491758241758,0.19059065934065933,0.043440934065934064,0.03914835164835165,0.08911401098901099,0.040521978021978024
15 Malignant,0.005366106975939069,0.04163781662916162,0.028078299001788702,0.12004500605850787,0.33256880733944955,0.21729848248802724,0.06382349547054411,0.05716634931625411,0.09046650510645664,0.0435491316138711
60 Malignant,0.013125172699640785,0.04476374689140646,0.03174219397623653,0.1156396794694667,0.34736805747444044,0.20789582757667863,0.0612047526941144,0.054676706272450956,0.07094501243437414,0.05263885051119094
9 Malignant,0.005286654135338346,0.04006109022556391,0.02931156015037594,0.12410420582706767,0.35802396616541354,0.21667939379699247,0.06101679981203008,0.05264626409774436,0.07192786654135339,0.0409421992481203
21 Benign,0.005900140128328048,0.036138358286009295,0.026624382329080317,0.12198539715318239,0.3960469061140202,0.2233203038572166,0.05133121911645402,0.03894092484696512,0.0626889888634855,0.0370233793052585
19 Malignant,0.005146933922201461,0.038253779514183794,0.029641583149312044,0.12889417360285374,0.3758280958043146,0.216256157635468,0.06298624086971293,0.04824188890776287,0.05454391031085443,0.04020723628333617
82 Benign,0.005697207434388718,0.03946016624638087,0.029443354814607265,0.12760343700382928,0.3710890071915569,0.21616699355561783,0.06677874287849071,0.04690856449052022,0.05606145512281685,0.04079107126179135
10 Benign,0.007096658282429034,0.038447718289615525,0.031665468918433345,0.13519583183614803,0.401500179662235,0.20652173913043478,0.06211821775062882,0.03889687387711103,0.04060366510959396,0.03795364714337046
5 Malignant,0.005937654626422563,0.04159107152674694,0.03150255649018638,0.13697839353455385,0.380064874374622,0.20971466270823025,0.06209797130133597,0.04805101984716037,0.04266314805651768,0.04139864753422398
47 Benign,0.006027474067844127,0.03798710400897112,0.028431922250256984,0.1331417624521073,0.36265302308195496,0.22829642089524343,0.06761050369124381,0.04614054761237268,0.04494907018035697,0.04476217175964863
13 Malignant,0.005458439853520348,0.04120603883092655,0.0271194638291992,0.12290126442340911,0.3097405513715194,0.2293408415670559,0.06832550266012576,0.057469080356525946,0.09140295723070545,0.047035859877012365
58 Benign,0.005681818181818182,0.04389483065953654,0.030637254901960783,0.12266042780748664,0.4076426024955437,0.20098039215686275,0.0589349376114082,0.04968805704099822,0.03698752228163993,0.0428921568627451
67 Benign,0.005896675372969144,0.04554429146929922,0.030483863827526672,0.11811058479791049,0.38520518836601886,0.20615343751383416,0.06296870158041525,0.054690336004249857,0.04762495019699854,0.04332197087077781
26 Malignant,0.0059253246753246756,0.04987824675324675,0.03149350649350649,0.1153814935064935,0.36371753246753247,0.21258116883116884,0.06611201298701298,0.05369318181818182,0.05068993506493506,0.0505275974025974
73 Malignant,0.004715050851537582,0.042164650658963715,0.02634952157429139,0.11869170126978396,0.36352831437684296,0.2266594451465367,0.06399771318529217,0.05306312812180297,0.054332912077992415,0.04649756273695613
76 Benign,0.005516840882694541,0.04024390243902439,0.033855981416957025,0.13234610917537748,0.39030197444831594,0.20685249709639952,0.061614401858304295,0.04715447154471545,0.04262485481997677,0.03948896631823461
33 Benign,0.006204053881783028,0.03337865975438745,0.02639909913738155,0.13221858666553352,0.32760379042196064,0.22001019844473718,0.06552500743636595,0.048113287723622146,0.10090086261845069,0.03964645391577784
97 Benign,0.006317385444743935,0.03963106469002695,0.031713274932614555,0.13359164420485176,0.41277796495956875,0.2034198113207547,0.0565616576819407,0.04363207547169811,0.03529312668463612,0.03706199460916442
43 Benign,0.004346182917611489,0.03344671201814059,0.023809523809523808,0.10468631897203326,0.34712773998488283,0.20105820105820105,0.044406651549508694,0.03344671201814059,0.17894935752078608,0.02872260015117158
65 Benign,0.006404494382022472,0.035674157303370785,0.02702247191011236,0.11561797752808989,0.3495505617977528,0.1897191011235955,0.04685393258426966,0.03797752808988764,0.15747191011235956,0.033707865168539325
118 Malignant,0.005518664752333094,0.03741923905240488,0.023707824838478105,0.11110014357501795,0.2532394113424264,0.19709260588657573,0.052045944005743,0.0562724335965542,0.22654343144292893,0.03706030150753769
114 Malignant,0.005635352070015464,0.0449632546350173,0.029364408806134324,0.12366688453506353,0.3501171706866043,0.22136491893701477,0.0686524573961007,0.055285434169204034,0.05114062076551515,0.04980949799933045
55 Benign,0.01713381555153707,0.04742314647377938,0.038110307414104885,0.12726039783001808,0.27599457504520797,0.20063291139240505,0.06681735985533453,0.06546112115732369,0.09950271247739602,0.06166365280289331
102 Benign,0.003931623931623932,0.03854700854700855,0.026923076923076925,0.1305982905982906,0.39,0.2176068376068376,0.05923076923076923,0.046239316239316236,0.04700854700854701,0.039914529914529914
74 Benign,0.005472143730757876,0.04172641390072118,0.031050988992450762,0.12653936991269873,0.3752635907384758,0.21224326262072457,0.06499093247859643,0.05270760406562355,0.04655012441482856,0.04345556914512252
96 Malignant,0.004794063242231538,0.04048137648719941,0.026208640259185886,0.12098442476713768,0.3232435449799153,0.22377220537854492,0.06385517113054519,0.058743692742138504,0.09450762343618314,0.04340925757691844
21 Malignant,0.0076324017789516614,0.045600201977044535,0.03374376104561962,0.13153755025150027,0.317531219047989,0.20065642539472917,0.06842943427006662,0.061350527276611444,0.08603445262278844,0.04748402633469927
34 Benign,0.0057273768613974796,0.037462251379777156,0.027100905966885348,0.1253514526710403,0.39453816515672185,0.2196969696969697,0.06380818494220557,0.041132979277309176,0.045428511923357284,0.03975320212433615
7 Benign,0.01212300413956239,0.04146133123069847,0.035465536500427094,0.14181286549707603,0.3529469741770156,0.19671134765753334,0.06774426703462777,0.0514488468361916,0.05138313949668178,0.04890268743018595
66 Malignant,0.015220169629371443,0.046067154641570816,0.046473800395027305,0.14424305797606599,0.3350761008481469,0.19042639711862439,0.07081445335192285,0.04763564540490298,0.04461484837922621,0.059428372255141165
66 Benign,0.00619025619025619,0.04011154011154011,0.028701778701778702,0.13413963413963415,0.36099011099011097,0.2168954668954669,0.06298056298056298,0.04855679855679856,0.05786830786830787,0.04356554356554357
12 Malignant,0.006712020895341068,0.03586831075745611,0.034349753993804286,0.14392881005892,0.3771183866852943,0.21196015307052177,0.06390086861446881,0.044038146145902936,0.04373443479317257,0.03838911498511814
68 Benign,0.005263157894736842,0.0418546365914787,0.03145363408521303,0.11578947368421053,0.3323308270676692,0.21052631578947367,0.05701754385964912,0.04974937343358396,0.11823308270676691,0.03778195488721805
69 Malignant,0.00661026762738034,0.04779979413278435,0.03171641791044776,0.12290916109109624,0.30021230056613485,0.21077264539372104,0.07022002058672157,0.06061824498198662,0.0988484302624807,0.050292717447246525
85 Malignant,0.005934343434343434,0.040656565656565655,0.030134680134680136,0.13152356902356901,0.33880471380471383,0.21658249158249157,0.06308922558922558,0.04991582491582491,0.07962962962962963,0.04372895622895623
63 Benign,0.0044773391812865495,0.03844572368421053,0.02432839912280702,0.11791849415204679,0.3165889985380117,0.24479166666666666,0.07047240497076024,0.055806834795321635,0.08182565789473684,0.045344480994152045
80 Malignant,0.006648766142437029,0.04455951924306355,0.0306226825214167,0.12722158291778546,0.36299705919959085,0.22024037846822658,0.06578442654392022,0.048906789413118525,0.04455951924306355,0.04845927630737757
91 Benign,0.005569081249445556,0.039762254442944026,0.030043468404088593,0.12385045291908568,0.39261529969542547,0.21200950193685747,0.06251170492740481,0.048061664021763775,0.044454082185839745,0.04112249021714488
10 Malignant,0.005992751036546858,0.0419080699634806,0.03095911474779648,0.12587522996238226,0.3674386995798896,0.2162538784700294,0.06661358082319668,0.053021774348554325,0.04642494302424559,0.0455119580438782
62 Malignant,0.004859948413955382,0.03903344042716865,0.02580207249196796,0.12077469568758767,0.32024978505814744,0.21898728449251098,0.061993755373546316,0.05626498936603466,0.1105570387800353,0.04147698990904566
116 Malignant,0.008065132343052754,0.05147777981539214,0.028237514518002323,0.11430634513112048,0.23579910141206675,0.19618787823216577,0.06468152087535912,0.07238752368726695,0.17530869857570755,0.05354850540986613
11 Benign,0.006122084189829296,0.03101260166234695,0.0341853606220395,0.14398069532576638,0.41263741174367685,0.20828492269192958,0.05979086602913576,0.034498167843417644,0.03396192689248369,0.03552596299937438
25 Benign,0.009312913907284769,0.04594370860927152,0.03776903973509934,0.13213990066225165,0.3836920529801324,0.20126241721854304,0.06384519867549669,0.04242549668874172,0.043149834437086095,0.04045943708609272
22 Benign,0.0064847077042198996,0.03581107239643825,0.032036391792489356,0.1346302748741773,0.4060201316298877,0.21631823461091754,0.06078203639179249,0.038424312814556716,0.03193960511033682,0.037553232675183894
6 Benign,0.006119402985074627,0.035124378109452736,0.02666666666666667,0.13398009950248757,0.3571641791044776,0.20223880597014926,0.05572139303482587,0.040049751243781094,0.10656716417910447,0.0363681592039801
40 Malignant,0.0042095650324630645,0.034833681524200306,0.025857863067165393,0.12583034139384766,0.37213055281033813,0.22589038868108635,0.06174237211804296,0.05004566095800443,0.0613107822410148,0.0381487921738369
46 Benign,0.006236559139784947,0.03752688172043011,0.033010752688172045,0.13774193548387098,0.37473118279569895,0.22666666666666666,0.06548387096774194,0.035913978494623654,0.044516129032258066,0.038172043010752686
76 Malignant,0.0046929228912026555,0.039369247019767614,0.029198732458125848,0.12539610683567226,0.3725818620793723,0.21211709672551682,0.062200090538705295,0.052059755545495696,0.06404104421306775,0.03834314169307379
98 Benign,0.0052773075774171065,0.03402037903680839,0.0255899631584188,0.1238009890802881,0.31421553984533174,0.18875502008032127,0.048458295993892925,0.041388695276975675,0.18935245112682134,0.02914135882372465
64 Malignant,0.005512286090390522,0.04173979815708644,0.0310717419921018,0.1333369899078543,0.36852786309784996,0.21536309784993418,0.06255484861781484,0.04733435717419921,0.05144800351031154,0.04311101360245722
2 Benign,0.005616727412238634,0.039543449069633606,0.027281795511221944,0.12144638403990025,0.36437751774410126,0.21522347976213313,0.0623287934011126,0.04990600422021869,0.07296758104738155,0.04130826779205832
54 Benign,0.006634977223212517,0.04073413877335446,0.034165181224004755,0.13444906582161484,0.36178781276820493,0.20205321185713343,0.06628375255826237,0.04941572588631412,0.06578860500429128,0.03868752888360732
25 Malignant,0.00703125,0.03670343137254902,0.031893382352941174,0.1371170343137255,0.3621170343137255,0.21815257352941175,0.06848958333333334,0.046139705882352944,0.051470588235294115,0.04088541666666667
62 Benign,0.005248311589682389,0.041481325775041364,0.02830969106837723,0.12425411592394695,0.37535599012720716,0.2117666603379533,0.06332894843906806,0.052459383221676745,0.055992161436437114,0.041803412080609725
71 Benign,0.009631991497276471,0.05745981134582171,0.03407732164208848,0.11751029626677295,0.30922014082635846,0.21163810282981269,0.07386741065497542,0.06217616580310881,0.0657632522917497,0.05865550684203534
7 Malignant,0.008828688925315619,0.05295775457970264,0.03215138181922756,0.12109970379317286,0.31400799470853824,0.19743766715555172,0.07183734506657465,0.06714980013228654,0.07875363069047825,0.05577603312915193
41 Malignant,0.0067224636514834485,0.037228392081120235,0.03013037180106229,0.13387520789741938,0.37191909437201565,0.20560115886045388,0.06198830409356725,0.04263640753259295,0.06962283384301733,0.040275765867267554
98 Malignant,0.005705435386937068,0.04086468454634508,0.030327499933811654,0.12914669984909058,0.3881284583410553,0.2066267771570782,0.06456011225543407,0.05022371660797967,0.04454475655926504,0.03987185936300336
103 Malignant,0.004918981481481482,0.03324500487329435,0.026331018518518517,0.11006030701754387,0.2561220760233918,0.17659600389863547,0.050545199805068226,0.0472557261208577,0.2624878167641326,0.03243786549707602
2 Malignant,0.005417807712234476,0.03964177336984679,0.02797720375989934,0.12682999037821036,0.33032344015986975,0.2174376434016727,0.06513211457331064,0.0546813707349567,0.09263563022722227,0.039923025682776996
37 Malignant,0.00641025641025641,0.035912004662004664,0.03241550116550117,0.14561480186480186,0.3766025641025641,0.20585664335664336,0.06927447552447552,0.04348776223776224,0.04691142191142191,0.03751456876456877
80 Benign,0.011863290398126464,0.05094408665105386,0.038839285714285715,0.13620462529274005,0.3304449648711944,0.18799033957845435,0.07268735362997658,0.05806498829039813,0.05679888758782201,0.056162177985948476
61 Benign,0.006839499739447629,0.03341584158415842,0.03237363210005211,0.13900468994267848,0.3914799374674309,0.21593277748827513,0.062206878582595104,0.038236060448150075,0.0424048983845753,0.03810578426263679
108 Malignant,0.005545454545454545,0.04381818181818182,0.03127272727272727,0.12454545454545454,0.3859090909090909,0.21245454545454545,0.0659090909090909,0.04454545454545455,0.04490909090909091,0.04109090909090909
45 Benign,0.005700211118930331,0.03184377199155524,0.03200211118930331,0.14345531315974666,0.40490851513019,0.21147079521463757,0.059746657283603094,0.039127375087966224,0.036541168191414494,0.03520408163265306
59 Benign,0.004840764331210191,0.041019108280254776,0.026411889596602973,0.11320594479830148,0.395244161358811,0.21265392781316347,0.05036093418259023,0.03983014861995754,0.08016985138004246,0.036263269639065815
101 Benign,0.005363343253968254,0.04045758928571429,0.03280009920634921,0.13116939484126985,0.3654203869047619,0.2191840277777778,0.07099454365079365,0.045262896825396824,0.046750992063492064,0.04259672619047619
107 Malignant,0.006057518115942029,0.04496905193236715,0.031759510869565216,0.1267361111111111,0.35882774758454106,0.2110318538647343,0.06644399154589371,0.055536684782608696,0.05570652173913043,0.04293100845410628
57 Malignant,0.0058373059443232195,0.04031910605828967,0.02993704048588623,0.12654445386443552,0.34838987644369085,0.21992745062612054,0.06829647954858167,0.05227168489666579,0.06429375547247432,0.044182846659532184
49 Benign,0.004050925925925926,0.03009259259259259,0.023292824074074073,0.11863425925925926,0.40769675925925924,0.17708333333333334,0.038628472222222224,0.023582175925925927,0.1597222222222222,0.017216435185185185
97 Malignant,0.0053935483870967745,0.03750967741935484,0.029716129032258065,0.13130322580645162,0.3849806451612903,0.2094709677419355,0.06022580645161291,0.0468,0.05624516129032258,0.038354838709677416
19 Benign,0.005166073783924217,0.04164834725608538,0.030346936328390424,0.12388584675646509,0.3717374795155682,0.21448698988768536,0.06334186018625844,0.050941284623686,0.05750629521563612,0.04093888644630081
73 Benign,0.010090749018014357,0.05255316267100095,0.026557148661984095,0.11517772488922429,0.2014860393568236,0.19849654611946363,0.07084808730481221,0.08166444147752559,0.1785472417329386,0.06457885876821269
53 Malignant,0.006730769230769231,0.03373567921440262,0.03287643207855974,0.14513093289689033,0.3705810147299509,0.2159165302782324,0.06837152209492635,0.042471358428805235,0.04240998363338789,0.04177577741407529
83 Benign,0.009358696236800114,0.045699840436022016,0.03716585689441885,0.13738637789769978,0.32314394822238557,0.1989171163741327,0.0724312888825143,0.05247682736611865,0.07630385284256952,0.04711619484733851
33 Malignant,0.007718431614695894,0.042914479777709166,0.03155294844087681,0.13377585674590922,0.3284038283420809,0.20367397344859525,0.06242667489966039,0.05353504167953072,0.09592466810744057,0.04007409694350108
100 Malignant,0.009208760766999956,0.04619529931177769,0.033058477254036274,0.12560057135436956,0.2512227849197074,0.1942821278621824,0.06657144093840626,0.06192918668571181,0.161212829502662,0.05071852140414665
104 Malignant,0.004666831051288002,0.03684512067765143,0.023685889997679278,0.11583313993966117,0.30104867718728245,0.22830485611510792,0.060879119285216984,0.057640983987003944,0.1303775527964725,0.04071782896263634
30 Benign,0.006405254259331513,0.04178046560020809,0.03186370139159839,0.1282351411106776,0.36994407595265966,0.2142346208869814,0.06528807387176486,0.046820132657042525,0.05146963194173495,0.04395890232800104
77 Benign,0.0066976384049554786,0.034765776229190866,0.028977932636469222,0.13763066202090593,0.3429926442121564,0.2048199767711963,0.06097560975609756,0.04467673248161053,0.10255516840882695,0.03590785907859079
78 Malignant,0.022564102564102566,0.0449002849002849,0.03361823361823362,0.1403988603988604,0.32706552706552705,0.18427350427350428,0.04866096866096866,0.053675213675213676,0.07931623931623932,0.06552706552706553
47 Malignant,0.0056454836131095126,0.04204136690647482,0.028914368505195843,0.12581185051958432,0.3574390487609912,0.22149780175859313,0.06653427258193445,0.05148381294964029,0.055955235811350916,0.0446767585931255
24 Benign,0.008611228366399324,0.04626424651751794,0.03545799915576193,0.14309835373575347,0.33575348248205994,0.2080202617138033,0.0688898269311946,0.05031658927817645,0.06070071760236387,0.042887294216969185
29 Benign,0.004957264957264958,0.035327635327635325,0.02962962962962963,0.12421652421652421,0.4392022792022792,0.20586894586894586,0.052592592592592594,0.034074074074074076,0.04165242165242165,0.03247863247863248
20 Malignant,0.010454921422663358,0.04420181968569065,0.03894127377998346,0.14365591397849461,0.3466335814722912,0.19953680727874276,0.07235732009925558,0.05105045492142266,0.04483043837882548,0.04833746898263027
58 Malignant,0.019138755980861243,0.04880382775119617,0.04808612440191388,0.15047846889952154,0.32679425837320575,0.18636363636363637,0.06363636363636363,0.045933014354066985,0.0430622009569378,0.06770334928229665
89 Malignant,0.004949368528842871,0.03657981567868927,0.030521105927864375,0.12965069973830926,0.35968255774263286,0.2257936056434179,0.06545113209693935,0.04721811355102969,0.05839685971100239,0.04175674138127204
16 Benign,0.005330490405117271,0.0369136460554371,0.02332089552238806,0.1267324093816631,0.43869936034115137,0.21921641791044777,0.04677505330490405,0.03531449893390192,0.03611407249466951,0.03158315565031983
13 Benign,0.005903751888275735,0.04191201405802016,0.02978080586984,0.13190184049079753,0.36211733514196753,0.21500138730462126,0.06790085396306687,0.05129944199525233,0.05231679871751395,0.04186577057064463
39 Benign,0.007063408297475034,0.03223187464479987,0.036534870504181215,0.14605829341560445,0.3816676138670131,0.2019972395875619,0.06097263944142242,0.03361208086384672,0.06600633271088739,0.033855646667207924
121 Malignant,0.0057603147098768325,0.040493919667806244,0.029753820696545374,0.1278118609406953,0.34677406765637925,0.21797093304609813,0.0663606987308575,0.055183502708440656,0.0658065221124276,0.0440843597308731
88 Malignant,0.0074647308587864674,0.03927544172031228,0.034755512943432404,0.13970688946719628,0.3666963429667169,0.2105875907409944,0.06673743322832489,0.04896589508286536,0.040508149568552254,0.04530201342281879
20 Benign,0.006204535729567822,0.0356582513193553,0.030580516331479103,0.13485950648980174,0.37625160462130935,0.21420624732563115,0.06689487947511054,0.04381685922122379,0.05174725431464841,0.039780345171872775
88 Benign,0.0038483796296296295,0.03619470164609054,0.022932741769547325,0.11189557613168724,0.3366287294238683,0.21181841563786008,0.050903420781893007,0.05063014403292181,0.13849987139917697,0.036648019547325106
109 Malignant,0.005101684032523633,0.04170030705462775,0.0265891507364861,0.12179197843624644,0.35932702271441375,0.21675005244721904,0.06305427174652418,0.05416049484745806,0.06739944437734026,0.04412559360716079
123 Malignant,0.00874348032242769,0.03510668563300142,0.028914177335229968,0.11623518255097202,0.2263063063063063,0.166932195353248,0.054954954954954956,0.05186344238975818,0.2699573257467994,0.04098624940730204
40 Benign,0.014211886304909561,0.05391120507399577,0.030890298332158797,0.11545689452666197,0.3653981677237491,0.19614752172891708,0.053558844256518676,0.050387596899224806,0.06060606060606061,0.059431524547803614
22 Malignant,0.004812159830080977,0.03819859285809107,0.026632815611310236,0.12103411655382981,0.3042612504978096,0.21760918624717906,0.06033452807646356,0.05537302535510421,0.132782424001062,0.03896190096906943
18 Malignant,0.008720960128346205,0.041733085142486914,0.028399683248146283,0.10639982722626161,0.2100383598835834,0.1655028435677777,0.05247488096095108,0.059360120118884786,0.2845316083383897,0.04283863138517231
105 Malignant,0.0054249547920434,0.033238611900456384,0.030655300094721432,0.1413071557737019,0.40622578145182126,0.2160509773529665,0.062300869714974595,0.03577886850942909,0.03427193662275037,0.034745543787135104
43 Malignant,0.006228465412138882,0.03670818976941426,0.030766852195423623,0.13101864122272286,0.38649615690432015,0.2184159378036929,0.06495715169184557,0.04187649085608269,0.04298082869511441,0.040551285449244634
49 Malignant,0.005806044116218055,0.04302302983189194,0.0342775240501409,0.12644543776115053,0.37646973083276647,0.21202992906423088,0.0641580021377903,0.05011660674375668,0.043363132834515594,0.04431056262753862
11 Malignant,0.00780689160086145,0.04495692749461594,0.032663316582914576,0.12749012921751615,0.2804199569274946,0.19891870064608758,0.0625897343862168,0.06418251974156497,0.13904343144292894,0.04192839195979899
23 Malignant,0.005807069256543975,0.0422870531327942,0.029054241301992793,0.12577784496006852,0.33481974151613636,0.21973647746454034,0.07105786914569319,0.05755422870531328,0.06625223591061397,0.047653238606303376
8 Benign,0.009380880260681996,0.04780393776676305,0.03647712148331727,0.1399238147689201,0.3301665978245904,0.1970168433613291,0.07374363210794438,0.05633117628160999,0.059332690807288084,0.04982330533755565
105 Benign,0.004050073637702504,0.039248895434462444,0.030191458026509573,0.12017673048600884,0.3568483063328424,0.20552282768777613,0.05706921944035346,0.03858615611192931,0.11325478645066274,0.03505154639175258
15 Benign,0.007279177881086372,0.03471372644971862,0.034071446048446294,0.14387080988500123,0.38649987766087596,0.21002569121605089,0.06272938585759726,0.038628578419378515,0.04260459995106435,0.03957670663078052
68 Malignant,0.0051688318189782485,0.0424144577106956,0.02773397411829491,0.12119221045781081,0.3445533278265876,0.2270218517684163,0.07011088583514806,0.054610648043853724,0.05857800805987334,0.048615804360341415
29 Malignant,0.014562410329985653,0.04289813486370158,0.03892874222859875,0.1457197513151602,0.33890483022477286,0.19067431850789096,0.07051649928263988,0.05148254423720708,0.052534672405547586,0.05377809660449546
72 Malignant,0.0067654639175257734,0.04639175257731959,0.03468642611683849,0.12768470790378006,0.3640463917525773,0.2183204467353952,0.05562714776632302,0.0509020618556701,0.0547680412371134,0.040807560137457045
50 Benign,0.0063563218390804595,0.03803448275862069,0.0297816091954023,0.1290344827586207,0.3767011494252874,0.21679310344827588,0.06718390804597701,0.04357471264367816,0.0523448275862069,0.040195402298850574
70 Malignant,0.010125467752586397,0.04651207304118137,0.0302376326694676,0.12004134406492549,0.2411497861018863,0.19302031792820296,0.06387275215572931,0.06719846108202777,0.17496100067949735,0.0528811645244954
102 Malignant,0.005826558265582656,0.04209575429087624,0.02931345980126468,0.1239747064137308,0.3267118337850045,0.21955736224028907,0.06991869918699187,0.05604336043360433,0.08107497741644083,0.045483288166215
99 Benign,0.0060172570390554046,0.03931085376930064,0.03274485316379049,0.12844383893430214,0.3663714804722979,0.20897668785952164,0.06435437481077808,0.05227255525280049,0.06214993944898577,0.039358159249167426
72 Benign,0.0034198771635957567,0.03764856026162559,0.025604211533859774,0.1118289862008455,0.35857860732232594,0.22921153385977508,0.05701124670973917,0.05420953976230358,0.08492861131052086,0.03755882587540879
12 Benign,0.006454388984509466,0.03598321858864027,0.03103485370051635,0.13855421686746988,0.40259251290877796,0.21520008605851979,0.05798192771084337,0.039586919104991396,0.03442340791738382,0.03818846815834768
65 Malignant,0.008638743455497382,0.0415417945477523,0.03360714930492869,0.12550099295901787,0.29398808449178554,0.19012457122224227,0.06187037371366673,0.05319552265751941,0.14695793464524282,0.04457483300234699
54 Malignant,0.006239295326645461,0.03440787863958894,0.03174700269146073,0.14231098605333986,0.3850929777342794,0.21256422804012723,0.06358575972596037,0.04058600440420847,0.0470393931979447,0.036426474186444825
109 Benign,0.01518542199488491,0.04583599744245524,0.04191975703324808,0.13670875959079284,0.35054347826086957,0.1878596547314578,0.06433823529411764,0.051350703324808185,0.052269820971867005,0.05398817135549872
44 Malignant,0.005124549819927971,0.04196428571428571,0.028698979591836735,0.12404711884753901,0.3643007202881152,0.22106842737094837,0.06870498199279712,0.05281362545018007,0.04904711884753902,0.04423019207683073
67 Malignant,0.007510947541170067,0.03955738623900168,0.030742482959207715,0.1271945859432759,0.29529519770568785,0.1979737908958704,0.062013047681721056,0.056057910258597576,0.14120906350792528,0.04244558726754247
44 Benign,0.004866562009419153,0.020251177394034536,0.021507064364207223,0.09084249084249084,0.22836211407639978,0.12574568288854004,0.029827315541601257,0.024856096284667714,0.43212977498691785,0.02161172161172161
60 Benign,0.006707946336429308,0.034337179848015764,0.0319448353504081,0.13519091847265222,0.3975982737592645,0.213387747443475,0.06112205647809363,0.03823060324608312,0.04400037526972511,0.037480063795853266
90 Benign,0.005158523155393265,0.03726888077435808,0.02764736567553469,0.12250043470700747,0.39065669738596187,0.21335419926969224,0.05868544600938967,0.04715122007766765,0.06013446936764621,0.03744276357734887
115 Malignant,0.005797511312217195,0.038744343891402716,0.026599421820010054,0.12025515334338864,0.29265648567119157,0.2110514077425842,0.059609100050276524,0.05698529411764706,0.1455505279034691,0.04275075414781297
30 Malignant,0.005845158444232041,0.0322035144474671,0.030438938313359313,0.13524740827880302,0.38276597309021393,0.20969046393647525,0.06054701860157342,0.040033821042570396,0.06999485331960885,0.03323285052569664
95 Benign,0.006401847090308024,0.04051004880096552,0.0326651624075143,0.13244477095030696,0.38374350632313586,0.21065750118066853,0.06443826415490371,0.04523272288397964,0.04318623078134019,0.04071994542687726
110 Malignant,0.004931716295437643,0.03943295649536535,0.028472663666920108,0.1206920190953396,0.3532513181019332,0.20716532259739828,0.06105439845110039,0.05117850153934363,0.09605421148628716,0.037766892270874625
31 Benign,0.0068392156862745095,0.03845647058823529,0.03152941176470588,0.13273725490196078,0.3737788235294118,0.2155921568627451,0.06847372549019608,0.0462556862745098,0.044536470588235295,0.04180078431372549
17 Benign,0.011260508522508162,0.049001208319407664,0.040864334010334985,0.1385325346427745,0.3137774121397537,0.1964161760547086,0.07860503380723449,0.05823071188009358,0.05709951924312929,0.056212561380055016
107 Benign,0.006268316509280365,0.03809833930315858,0.03337675024422013,0.13692608270921525,0.380332139368284,0.21320416802344513,0.05999674373168349,0.04151742103549332,0.05079778573754477,0.03948225333767502
36 Malignant,0.010191057396992541,0.04329703641657692,0.03728411311874277,0.14101950460691637,0.330501376091899,0.1975090742291891,0.0709883929639823,0.055492401579514176,0.06628175980216186,0.04743528379402497
82 Malignant,0.006533969520011395,0.04255091867255377,0.032367184161800316,0.13397308075772682,0.3608638370602478,0.2160304799886056,0.06783221763281584,0.04972582253240279,0.04522147842187722,0.04490101125195841
104 Benign,0.005555555555555556,0.039164941338854384,0.026949620427881297,0.12612146307798483,0.36977225672877845,0.21935817805383023,0.06231884057971015,0.050897170462387856,0.06245686680469289,0.03740510697032436
41 Benign,0.006504524886877828,0.03464366515837104,0.030260180995475113,0.1319287330316742,0.39394796380090497,0.22157805429864252,0.06245286576168929,0.0386500754147813,0.03766025641025641,0.0423736802413273
61 Malignant,0.0062704471101417665,0.040553435114503815,0.03223827699018539,0.1346782988004362,0.3781352235550709,0.21476281352235552,0.06093238822246456,0.04580152671755725,0.044915485278080695,0.04171210468920392
52 Malignant,0.007208562518609061,0.03601147101687744,0.03450707536081989,0.14699199222728912,0.3611646529703979,0.2140002820741855,0.07159983075548869,0.04254618964787739,0.04138655132966637,0.04458339209878865
14 Malignant,0.005791347638403126,0.0423669533982418,0.02850931089895075,0.12348993288590604,0.3483946182688975,0.21860919431578285,0.06838705611746541,0.05525411979708227,0.06325109493650943,0.04594637174276082
108 Benign,0.005278493306870487,0.03378235716397111,0.02212744394240108,0.12896414847345974,0.390650732654871,0.21958532156581226,0.0578945145897555,0.03969426966766606,0.06612896414847345,0.03589375448671931
101 Malignant,0.005967086009653757,0.03989776139257345,0.028980274409942608,0.13033522101022385,0.3411310858576261,0.2224829919045266,0.06970468625289802,0.05315267378662917,0.06270191174793813,0.0456463076279883
5 Benign,0.009059555037404061,0.04956038084134849,0.035801029826095405,0.12962693092392888,0.31225104439910617,0.20040318663169143,0.07363013698630137,0.060939473428543674,0.0760589721169727,0.05266928980860779
32 Malignant,0.0059241537431822386,0.043106762934164995,0.030660343771806153,0.1300750487745831,0.357642300736247,0.21482177696130786,0.0684553053929736,0.052078438074080406,0.05088221472209168,0.04635365488956295
14 Benign,0.010295412887714538,0.03897974243614464,0.03427836892094551,0.13982717989002358,0.3649813135280535,0.20634863957723346,0.0698302744649956,0.04544264324311457,0.04143159799090671,0.04858482706086791
35 Malignant,0.004995916798770236,0.040527773774639314,0.028502345839137883,0.12353685289266784,0.3718595378776961,0.22114938111479399,0.06502698115322413,0.05135226017197483,0.04920657795711838,0.04384237241997726
37 Benign,0.011029411764705883,0.04678308823529412,0.03814338235294118,0.14384191176470587,0.35229779411764706,0.19448529411764706,0.0713235294117647,0.04770220588235294,0.043658088235294115,0.05073529411764706
45 Malignant,0.006779719794701068,0.035337772229157995,0.03273685670689416,0.1400159522818699,0.3800977944236371,0.203946455819115,0.06245665140796227,0.041579969482591204,0.05789637952559301,0.03915244832847829
86 Benign,0.0077145462458292745,0.03608065819741778,0.02475493751683833,0.10662031376287484,0.25855905332310947,0.1647980436449547,0.04502310737156239,0.051457940438936436,0.2662580564938968,0.03873334300458003
86 Malignant,0.005545571245186136,0.04138639281129653,0.030474967907573813,0.12518613607188703,0.3616328626444159,0.21564569961489088,0.06820025673940949,0.05350449293966624,0.052929396662387676,0.04549422336328626
55 Malignant,0.005064524431045259,0.03984521489760653,0.024550534946137726,0.11310158461708152,0.2893304900915475,0.2279817272693849,0.0625620427221589,0.06158774219640428,0.1306527813522556,0.04532335747637781
